1629400,100
1630000,100
1640000,1400
1650000,2700
1660000,4000
1670000,5300
1680000,6700
1690000,8000
1700000,9400
1710000,10800
1720000,12200
1730000,13600
1740000,15000
1750000,16500
1760000,18000
1770000,19400
1780000,20900
1790000,22400
1800000,24000
1810000,25500
1820000,27100
1830000,28600
1840000,30200
1850000,31800
1860000,33400
1870000,35000
1880000,36700
1890000,38400
1900000,40000
1910000,41700
1920000,43400
1930000,45100
1940000,46900
1950000,48600
1960000,50400
1970000,52200
1980000,54000
1990000,55800
2000000,57600
2010000,59400
2020000,61300
2030000,63200
2040000,65100
2050000,67000
2060000,68900
2070000,70800
2080000,72800
2090000,74700
2100000,76700
2110000,78700
2120000,80700
2130000,82700
2140000,84800
2150000,86800
2160000,88900
2170000,91000
2180000,93100
2190000,95100
2200000,97000
2210000,98900
2220000,100900
2230000,102800
2240000,104800
2250000,106800
2260000,108800
2270000,110700
2280000,112700
2290000,114700
2300000,116700
2310000,118700
2320000,120600
2330000,122600
2340000,124600
2350000,126600
2360000,128600
2370000,130600
2380000,132600
2390000,134600
2400000,136600
2410000,138600
2420000,140600
2430000,142700
2440000,144700
2450000,146700
2460000,148700
2470000,150700
2480000,152800
2490000,154800
2500000,156800
2510000,158900
2520000,160900
2530000,162900
2540000,165000
2550000,167000
2560000,169100
2570000,171100
2580000,173100
2590000,175200
2600000,177300
2610000,179300
2620000,181400
2630000,183400
2640000,185500
2650000,187600
2660000,189600
2670000,191700
2680000,193800
2690000,195900
2700000,197900
2710000,200000
2720000,202100
2730000,204200
2740000,206300
2750000,208400
2760000,210500
2770000,212600
2780000,214700
2790000,216800
2800000,218900
2810000,221000
2820000,223100
2830000,225200
2840000,227300
2850000,229400
2860000,231500
2870000,233700
2880000,235800
2890000,237900
2900000,240000
2910000,242200
2920000,244300
2930000,246400
2940000,248600
2950000,250700
2960000,252900
2970000,255000
2980000,257100
2990000,259300
3000000,261500
3010000,263600
3020000,265800
3030000,267900
3040000,270100
3050000,272300
3060000,274400
3070000,276600
3080000,278800
3090000,280900
3100000,283100
3110000,285300
3120000,287500
3130000,289700
3140000,291800
3150000,294000
3160000,296200
3170000,298400
3180000,300600
3190000,302800
3200000,305000
3210000,307200
3220000,309400
3230000,311600
3240000,313800
3250000,316100
3260000,318300
3270000,320500
3280000,322700
3290000,324900
3300000,327200
3310000,329400
3320000,331600
3330000,333800
3340000,336100
3350000,338300
3360000,340600
3370000,342800
3380000,345000
3390000,347300
3400000,349500
3410000,351800
3420000,354100
3430000,356300
3440000,358600
3450000,360800
3460000,363100
3470000,365400
3480000,367600
3490000,369900
3500000,372200
3510000,374500
3520000,376700
3530000,379000
3540000,381300
3550000,383600
3560000,385900
3570000,388200
3580000,390500
3590000,392800
3600000,395100
3610000,397400
3620000,399700
3630000,402000
3640000,404300
3650000,406600
3660000,408900
3670000,411200
3680000,413500
3690000,415900
3700000,418200
3710000,420500
3720000,422800
3730000,425200
3740000,427500
3750000,429800
3760000,432200
3770000,434500
3780000,436800
3790000,439200
3800000,441500
3810000,443900
3820000,446200
3830000,448600
3840000,451000
3850000,453300
3860000,455700
3870000,458000
3880000,460400
3890000,462800
3900000,465100
3910000,467500
3920000,469900
3930000,472300
3940000,474700
3950000,477000
3960000,479400
3970000,481800
3980000,484200
3990000,486600
4000000,489000
4010000,491400
4020000,493800
4030000,496200
4040000,498600
4050000,501000
4060000,503400
4070000,505800
4080000,508300
4090000,510700
4100000,513100
4110000,515500
4120000,517900
4130000,520400
4140000,522800
4150000,525200
4160000,527700
4170000,530100
4180000,532500
4190000,535000
4200000,537400
4210000,539900
4220000,542300
4230000,544800
4240000,547200
4250000,549700
4260000,552100
4270000,554600
4280000,557100
4290000,559500
4300000,562000
4310000,564500
4320000,567000
4330000,569400
4340000,571900
4350000,574400
4360000,576900
4370000,579400
4380000,581900
4390000,584300
4400000,586800
4410000,589300
4420000,591800
4430000,594300
4440000,596800
4450000,599300
4460000,601800
4470000,604400
4480000,606900
4490000,609400
4500000,611900
4510000,614400
4520000,616900
4530000,619500
4540000,622000
4550000,624500
4560000,627100
4570000,629600
4580000,632100
4590000,634700
4600000,637200
4610000,639800
4620000,642300
4630000,644900
4640000,647400
4650000,650000
4660000,652500
4670000,655100
4680000,657600
4690000,660200
4700000,662800
4710000,665300
4720000,667900
4730000,670500
4740000,673100
4750000,675600
4760000,678200
4770000,680800
4780000,683400
4790000,686000
4800000,688600
4810000,691200
4820000,693800
4830000,696400
4840000,699000
4850000,701600
4860000,704200
4870000,706800
4880000,709400
4890000,712000
4900000,714600
4910000,717200
4920000,719900
4930000,722500
4940000,725100
4950000,727700
4960000,730400
4970000,733000
4980000,735600
4990000,738300
5000000,740900
5010000,743500
5020000,746200
5030000,748800
5040000,751500
5050000,754100
5060000,756800
5070000,759500
5080000,762100
5090000,764800
5100000,767400
5110000,770100
5120000,772800
5130000,775400
5140000,778100
5150000,780800
5160000,783500
5170000,786200
5180000,788800
5190000,791500
5200000,794200
5210000,796900
5220000,799600
5230000,802300
5240000,805000
5250000,807700
5260000,810400
5270000,813100
5280000,815800
5290000,818500
5300000,821200
5310000,823900
5320000,826700
5330000,829400
5340000,832100
5350000,834800
5360000,837600
5370000,840300
5380000,843000
5390000,845800
5400000,848500
5410000,851200
5420000,854000
5430000,856700
5440000,859500
5450000,862200
5460000,865000
5470000,867700
5480000,870500
5490000,873200
5500000,876000
5510000,878800
5520000,881500
5530000,884300
5540000,887100
5550000,889800
5560000,892600
5570000,895400
5580000,898200
5590000,901000
5600000,903700
5610000,906500
5620000,909300
5630000,912100
5640000,914900
5650000,917700
5660000,920500
5670000,923300
5680000,926100
5690000,928900
5700000,931700
5710000,934600
5720000,937400
5730000,940200
5740000,943000
5750000,945800
5760000,948700
5770000,951500
5780000,954300
5790000,957100
5800000,960000
5810000,962800
5820000,965700
5830000,968500
5840000,971300
5850000,974200
5860000,977000
5870000,979900
5880000,982700
5890000,985600
5900000,988500
5910000,991300
5920000,994200
5930000,997100
5940000,999900
5950000,1002800
5960000,1005700
5970000,1008500
5980000,1011400
5990000,1014300
6000000,1017200
6010000,1020100
6020000,1023000
6030000,1025800
6040000,1028700
6050000,1031600
6060000,1034500
6070000,1037400
6080000,1040300
6090000,1043200
6100000,1046200
6110000,1049100
6120000,1052000
6130000,1054900
6140000,1057800
6150000,1060700
6160000,1063600
6170000,1066600
6180000,1069500
6190000,1072400
6200000,1075400
6210000,1078300
6220000,1081500
6230000,1084800
6240000,1088000
6250000,1091300
6260000,1094600
6270000,1097800
6280000,1101100
6290000,1104300
6300000,1107600
6310000,1110900
6320000,1114200
6330000,1117500
6340000,1120800
6350000,1124000
6360000,1127300
6370000,1130600
6380000,1133900
6390000,1137200
6400000,1140500
6410000,1143800
6420000,1147100
6430000,1150400
6440000,1153800
6450000,1157100
6460000,1160400
6470000,1163700
6480000,1167000
6490000,1170400
6500000,1173700
6510000,1177100
6520000,1180400
6530000,1183700
6540000,1187100
6550000,1190400
6560000,1193800
6570000,1197100
6580000,1200500
6590000,1203800
6600000,1207200
6610000,1210600
6620000,1213900
6630000,1217300
6640000,1220700
6650000,1224000
6660000,1227400
6670000,1230800
6680000,1234200
6690000,1237600
6700000,1241000
6710000,1244400
6720000,1247800
6730000,1251200
6740000,1254600
6750000,1258000
6760000,1261400
6770000,1264800
6780000,1268200
6790000,1271600
6800000,1275100
6810000,1278500
6820000,1281900
6830000,1285300
6840000,1288800
6850000,1292200
6860000,1295600
6870000,1299100
6880000,1302500
6890000,1306000
6900000,1309400
6910000,1312900
6920000,1316300
6930000,1319800
6940000,1323300
6950000,1326700
6960000,1330200
6970000,1333700
6980000,1337100
6990000,1340600
7000000,1344100
7010000,1347600
7020000,1351100
7030000,1354600
7040000,1358100
7050000,1361600
7060000,1365100
7070000,1368600
7080000,1372100
7090000,1375600
7100000,1379100
7110000,1382600
7120000,1386100
7130000,1389600
7140000,1393200
7150000,1396700
7160000,1400200
7170000,1403800
7180000,1407300
7190000,1410800
7200000,1414400
7210000,1417900
7220000,1421400
7230000,1425000
7240000,1428600
7250000,1432100
7260000,1435700
7270000,1439200
7280000,1442800
7290000,1446400
7300000,1449900
7310000,1453500
7320000,1457100
7330000,1460700
7340000,1464300
7350000,1467800
7360000,1471400
7370000,1475000
7380000,1478600
7390000,1482200
7400000,1485800
7410000,1489400
7420000,1493000
7430000,1496600
7440000,1500300
7450000,1503800
7460000,1507500
7470000,1511100
7480000,1514700
7490000,1518300
7500000,1522000
7510000,1525600
7520000,1529200
7530000,1532900
7540000,1536500
7550000,1540200
7560000,1543800
7570000,1547500
7580000,1551100
7590000,1554800
7600000,1558500
7610000,1562100
7620000,1565800
7630000,1569400
7640000,1573100
7650000,1576800
7660000,1580500
7670000,1584200
7680000,1587800
7690000,1591500
7700000,1595200
7710000,1598900
7720000,1602600
7730000,1606300
7740000,1610000
7750000,1613700
7760000,1617400
7770000,1621100
7780000,1624800
7790000,1628500
7800000,1632300
7810000,1636000
7820000,1639700
7830000,1643500
7840000,1647200
7850000,1650900
7860000,1654700
7870000,1658400
7880000,1662100
7890000,1665900
7900000,1669600
7910000,1673400
7920000,1677100
7930000,1680900
7940000,1684700
7950000,1688400
7960000,1692200
7970000,1696000
7980000,1699700
7990000,1703500
8000000,1707300
8010000,1711100
8020000,1714900
8030000,1718700
8040000,1722500
8050000,1726200
8060000,1730000
8070000,1733800
8080000,1737600
8090000,1741400
8100000,1745300
8110000,1749100
8120000,1752900
8130000,1756700
8140000,1760500
8150000,1764300
8160000,1768100
8170000,1771900
8180000,1775700
8190000,1779500
8200000,1783300
8210000,1787200
8220000,1790900
8230000,1794800
8240000,1798600
8250000,1802400
8260000,1806200
8270000,1810000
8280000,1813800
8290000,1817600
8300000,1821400
8310000,1825300
8320000,1829000
8330000,1832900
8340000,1836700
8350000,1840500
8360000,1844300
8370000,1848100
8380000,1851900
8390000,1855700
8400000,1859500
8410000,1863400
8420000,1867100
8430000,1871000
8440000,1874800
8450000,1878600
8460000,1882400
8470000,1886200
8480000,1890000
8490000,1893800
8500000,1897600
8510000,1901500
8520000,1905200
8530000,1909100
8540000,1912900
8550000,1916700
8560000,1920500
8570000,1924300
8580000,1928100
8590000,1931900
8600000,1935700
8610000,1939500
8620000,1943300
8630000,1947100
8640000,1951000
8650000,1954700
8660000,1958600
8670000,1962400
8680000,1966200
8690000,1970000
8700000,1973800
8710000,1977600
8720000,1981400
8730000,1985200
8740000,1989100
8750000,1992800
8760000,1996700
8770000,2000500
8780000,2004300
8790000,2008100
8800000,2011900
8810000,2015700
8820000,2019500
8830000,2023300
8840000,2027200
8850000,2030900
8860000,2034800
8870000,2038600
8880000,2042400
8890000,2046200
8900000,2050000
8910000,2053800
8920000,2057600
8930000,2061400
8940000,2065300
8950000,2069000
8960000,2072900
8970000,2076700
8980000,2080500
8990000,2084300
9000000,2088100
9010000,2091900
9020000,2095700
9030000,2099500
9040000,2103300
9050000,2107100
9060000,2110900
9070000,2115100
9080000,2119300
9090000,2123500
9100000,2127700
9110000,2131900
9120000,2136100
9130000,2140300
9140000,2144500
9150000,2148700
9160000,2152900
9170000,2157100
9180000,2161300
9190000,2165500
9200000,2169700
9210000,2173900
9220000,2178100
9230000,2182300
9240000,2186500
9250000,2190700
9260000,2194900
9270000,2199100
9280000,2203300
9290000,2207500
9300000,2211700
9310000,2215900
9320000,2220100
9330000,2224300
9340000,2228500
9350000,2232700
9360000,2236900
9370000,2241100
9380000,2245300
9390000,2249500
9400000,2253700
9410000,2257900
9420000,2262100
9430000,2266300
9440000,2270500
9450000,2274700
9460000,2278900
9470000,2283100
9480000,2287300
9490000,2291500
9500000,2295700
9510000,2299900
9520000,2304100
9530000,2308300
9540000,2312500
9550000,2316700
9560000,2320900
9570000,2325100
9580000,2329300
9590000,2333500
9600000,2337700
9610000,2341900
9620000,2346100
9630000,2350300
9640000,2354500
9650000,2358700
9660000,2362900
9670000,2367100
9680000,2371300
9690000,2375500
9700000,2379700
9710000,2383900
9720000,2388100
9730000,2392300
9740000,2396500
9750000,2400700
9760000,2404900
9770000,2409100
9780000,2413300
9790000,2417500
9800000,2421700
9810000,2425900
9820000,2430100
9830000,2434300
9840000,2438500
9850000,2442700
9860000,2446900
9870000,2451100
9880000,2455300
9890000,2459500
9900000,2463700
9910000,2467900
9920000,2472100
9930000,2476300
9940000,2480500
9950000,2484700
9960000,2488900
9970000,2493100
9980000,2497300
9990000,2501500
